500
10440.4762087	9.74384679287e+18	1	6.2950001e+27
11019.4217139	1.06726297366e+19	8.65636713537e+13	6.64407655098e+27
11630.4703374	1.16971932392e+19	1.77037081737e+14	7.01251032789e+27
12275.4021638	1.28278953281e+19	2.71637047081e+14	7.40137485194e+27
12956.095974	1.40762436434e+19	3.70592405468e+14	7.81180306872e+27
13674.5347164	1.5455024752e+19	4.74144685683e+14	8.24499074905e+27
14432.8112817	1.69784481066e+19	5.82548811059e+14	8.70219997278e+27
15233.1345972	1.86623063121e+19	6.96073842367e+14	9.18476280582e+27
16077.8360594	2.05241535532e+19	8.15003761912e+14	9.69408518111e+27
16969.3763223	2.25835042477e+19	9.39638301127e+14	1.02316509947e+28
17910.3524624	2.48620542234e+19	1.07029381408e+15	1.07990264292e+28
18903.5055407	2.73839269806e+19	1.20730419942e+15	1.13978645166e+28
19951.7285834	3.01759478921e+19	1.3510218735e+15	1.20299099545e+28
21058.0750046	3.32679495176e+19	1.50181879747e+15	1.26970041889e+28
22225.7674965	3.66931115707e+19	1.66008756134e+15	1.34010907798e+28
23458.2074108	4.04883394818e+19	1.8262425282e+15	1.41442210633e+28
24758.9846605	4.46946859454e+19	2.00072104192e+15	1.4928560128e+28
26131.8881707	4.93578203439e+19	2.18403906538e+15	1.57563931232e+28
27580.6247062	5.39432239525e+19	2.3548288467e+15	1.66301319166e+28
29109.636329	5.8950961188e+19	2.53151109752e+15	1.7552322121e+28
30723.3887794	6.44662264363e+19	2.7158751084e+15	1.8525650511e+28
32426.5757842	7.05433603482e+19	2.90835060109e+15	1.9552952851e+28
34224.1507357	7.7242702852e+19	3.10938765242e+15	2.06372221566e+28
36121.3410202	8.46312661704e+19	3.31946132875e+15	2.17816174154e+28
38123.6631338	9.27834839495e+19	3.53907307418e+15	2.298947279e+28
40236.9386273	1.01782045144e+20	3.76875217819e+15	2.42643073324e+28
42467.3109254	1.11718822283e+20	4.0090573237e+15	2.56098352362e+28
44821.263067	1.22695904834e+20	4.26057822141e+15	2.70299766584e+28
47305.6364183	1.34826749616e+20	4.52393733689e+15	2.852886914e+28
49927.6504079	1.48237461547e+20	4.79979171241e+15	3.01108796614e+28
52694.9233427	1.63068219544e+20	5.08883489047e+15	3.17806173645e+28
55615.4943605	1.79474864087e+20	5.39179894693e+15	3.35429469822e+28
58697.8465802	1.97630664804e+20	5.70945663429e+15	3.54030030111e+28
61950.9315158	2.17728288552e+20	6.04262364814e+15	3.7366204671e+28
65384.1948202	2.39981990811e+20	6.39226220071e+15	3.94382716934e+28
69009.7904256	2.61908134026e+20	6.71866338228e+15	4.1625240986e+28
72836.7789841	2.85584112925e+20	7.05252094812e+15	4.3933484221e+28
76876.0071631	3.11616194049e+20	7.40029973726e+15	4.63697263985e+28
81139.246758	3.40253935082e+20	7.762786172e+15	4.89410654401e+28
85638.9226273	3.71774285317e+20	8.14079573909e+15	5.16549928682e+28
90388.1489395	4.0648464936e+20	8.53518913742e+15	5.45194156323e+28
95400.7674334	4.44726296822e+20	8.94687477921e+15	5.75426791456e+28
100691.387803	4.86878157223e+20	9.37681143935e+15	6.07335915994e+28
106275.43033	5.3336104383e+20	9.82601104473e+15	6.41014496255e+28
112169.170878	5.84642355137e+20	1.02955416175e+16	6.76560653813e+28
118389.788398	6.41241308191e+20	1.07865303886e+16	7.14077951376e+28
124955.415066	7.03734764189e+20	1.13001670754e+16	7.5367569451e+28
131885.189208	7.72763713597e+20	1.18377073463e+16	7.95469250103e+28
139199.311177	8.49040495722e+20	1.24004764737e+16	8.39580382475e+28
146919.102323	9.33356836199e+20	1.29898731921e+16	8.86137608142e+28
155067.067257	1.02659279533e+21	1.36073737661e+16	9.35276570241e+28
163666.959568	1.12972673078e+21	1.42547230774e+16	9.87140433727e+28
172742.313868	1.23120105861e+21	1.48582114793e+16	1.04188030247e+29
182320.466025	1.33940060713e+21	1.54677549991e+16	1.09965565951e+29
192429.650055	1.45815092268e+21	1.61015486365e+16	1.16063483168e+29
203099.301272	1.58855577903e+21	1.67609793027e+16	1.22499548006e+29
214360.485899	1.73183927967e+21	1.74474689386e+16	1.29292511752e+29
226245.991355	1.88935926933e+21	1.81625183654e+16	1.36462165513e+29
238790.421521	2.06262225711e+21	1.89077116755e+16	1.44029397868e+29
252030.297279	2.25330002303e+21	1.96847208297e+16	1.52016255731e+29
266004.162601	2.46324809841e+21	2.04953105688e+16	1.60446008582e+29
280752.696493	2.69452633302e+21	2.13413435247e+16	1.69343216265e+29
296318.831122	2.94942178551e+21	2.2224785686e+16	1.78733800537e+29
312747.876466	3.23047420081e+21	2.31477121268e+16	1.88645120596e+29
330087.651837	3.54050436826e+21	2.41123130516e+16	1.99106052787e+29
348388.624662	3.88264568742e+21	2.51209002061e+16	2.10147074737e+29
367704.056917	4.26037930574e+21	2.617591361e+16	2.21800354144e+29
388090.159638	4.67757323403e+21	2.72799286902e+16	2.34099842503e+29
409606.255942	5.1385258913e+21	2.84359960098e+16	2.4708137402e+29
432325.989913	5.59197810526e+21	2.95135745017e+16	2.60782770013e+29
456310.515937	6.06821167201e+21	3.05855731688e+16	2.75243949106e+29
481626.282271	6.58979080514e+21	3.16978242591e+16	2.90507043527e+29
508347.250012	7.16138850872e+21	3.28526639729e+16	3.06616521864e+29
536551.497559	7.78818294189e+21	3.40524515817e+16	3.23619318618e+29
566321.450751	8.47591347317e+21	3.52996769063e+16	3.41564970948e+29
597744.125971	9.23094303934e+21	3.6596967509e+16	3.60505762996e+29
630911.386952	1.0060327523e+22	3.79470963612e+16	3.80496878216e+29
665920.216097	1.09718929435e+22	3.93529897642e+16	4.01596560145e+29
702873.001122	1.19743213471e+22	4.08177359392e+16	4.23866282102e+29
741877.837908	1.30772463821e+22	4.23445938209e+16	4.47370926279e+29
783048.850514	1.42913596563e+22	4.39370025944e+16	4.72178972782e+29
826506.529325	1.56285291017e+22	4.55985915369e+16	4.98362699141e+29
872378.088389	1.71019307064e+22	4.73331905571e+16	5.2599839089e+29
920797.843071	1.87261951309e+22	4.91448412222e+16	5.5516656382e+29
971907.609182	2.05175708999e+22	5.10378083779e+16	5.85952198566e+29
1025857.12487	2.24941060483e+22	5.30171488765e+16	6.18444988188e+29
1082758.42084	2.44379700922e+22	5.48616350682e+16	6.52739599495e+29
1142792.62042	2.64446337068e+22	5.66652684251e+16	6.8893594885e+29
1206154.98619	2.86368320191e+22	5.85319170587e+16	7.27139493275e+29
1273029.97127	3.10333176196e+22	6.0465311071e+16	7.67461537699e+29
1343612.2455	3.36548477365e+22	6.24691527097e+16	8.10019559239e+29
1418107.26057	3.65244053621e+22	6.45473495663e+16	8.54937549465e+29
1496731.84642	3.9667445175e+22	6.67040261225e+16	9.02346375651e+29
1579714.84056	4.31121670621e+22	6.89435356893e+16	9.52384162047e+29
1667297.75203	4.6889820361e+22	7.12704731153e+16	1.00519669231e+30
1759735.46203	5.10350423011e+22	7.36896882822e+16	1.06093783422e+30
1857296.9631	5.55862345133e+22	7.62063001207e+16	1.11976998799e+30
1960266.1391	6.05859819202e+22	7.88257117455e+16	1.18186455941e+30
2068942.58813	6.60815188063e+22	8.15536260049e+16	1.24740245924e+30
2183642.49067	7.2125247417e+22	8.43960623642e+16	1.31657463024e+30
2304699.52563	7.87753150378e+22	8.73593743583e+16	1.38958260357e+30
2432465.83673	8.60962561863e+22	9.04502680927e+16	1.46663908584e+30
2567313.05198	9.41597073016e+22	9.36766892647e+16	1.5479685789e+30
2709670.72331	1.02117873772e+23	9.66941794712e+16	1.63380803389e+30
2859947.73487	1.10183121681e+23	9.95909606906e+16	1.7244075416e+30
3018560.07307	1.18969451797e+23	1.0258043283e+17	1.82003106108e+30
3185970.18675	1.28548062847e+23	1.05668209786e+17	1.9209571887e+30
3362666.19519	1.38997659381e+23	1.08859741171e+17	2.02747996984e+30
3549163.31455	1.50405273493e+23	1.12160778714e+17	2.13990975555e+30
3746005.36384	1.6286717833e+23	1.15577392637e+17	2.25857410679e+30
3953766.35471	1.76489903749e+23	1.19115990003e+17	2.38381874872e+30
4173052.16989	1.91391365649e+23	1.22783332342e+17	2.51600857801e+30
4404502.33511	2.0770212182e+23	1.26586556301e+17	2.65552872592e+30
4648791.88987	2.25566768611e+23	1.30533193645e+17	2.80278568039e+30
4906633.36248	2.45145494341e+23	1.34631193622e+17	2.95820847032e+30
5178778.85528	2.66615807171e+23	1.38888945804e+17	3.12224991555e+30
5466022.24628	2.90174457191e+23	1.43315304529e+17	3.2953879461e+30
5769201.51359	3.16039574699e+23	1.47919614793e+17	3.47812699464e+30
6089201.18973	3.4445304916e+23	1.52711739077e+17	3.67099946613e+30
6426954.95305	3.75683176106e+23	1.57703740261e+17	3.87456728898e+30
6783474.64245	4.05769570509e+23	1.62261430207e+17	4.08942355218e+30
7159803.0535	4.34643247824e+23	1.66404306768e+17	4.31619423328e+30
7557018.7534	4.65844405686e+23	1.70644796214e+17	4.55554002212e+30
7976282.14273	4.99584899812e+23	1.7498922996e+17	4.80815824579e+30
8418762.95561	5.36578083666e+23	1.79501756952e+17	5.0747849002e+30
8885642.37339	5.78054061091e+23	1.84295252187e+17	5.35619679446e+30
9378415.51786	6.23165990328e+23	1.89235382102e+17	5.65321381401e+30
9898518.7149	6.72267772649e+23	1.94329880959e+17	5.9667013094e+30
10447467.9893	7.25750290878e+23	1.99587306523e+17	6.29757261743e+30
11026863.49	7.84045438458e+23	2.05016691972e+17	6.64679172215e+30
11638394.1614	8.47630597432e+23	2.10627570243e+17	7.01537606336e+30
12283842.6747	9.17033615939e+23	2.1643000332e+17	7.40439950095e+30
12965090.6328	9.92838341553e+23	2.2243460996e+17	7.81499544351e+30
13684124.0657	1.07569077318e+24	2.28652598707e+17	8.2483601505e+30
14443039.2308	1.16630590132e+24	2.35095798149e+17	8.70575621754e+30
15244048.7363	1.26547531456e+24	2.41776692913e+17	9.18851625492e+30
16089488.0056	1.37407565866e+24	2.4870951544e+17	9.69804677011e+30
16981834.3305	1.48544894107e+24	2.55446976675e+17	1.02358322656e+31
17923694.0328	1.59791632227e+24	2.61892198306e+17	1.0803439564e+31
18917801.6368	1.72005059126e+24	2.68522540095e+17	1.14025223728e+31
19967056.6077	1.85277878748e+24	2.75349321588e+17	1.20348261026e+31
21074519.4412	1.99712392194e+24	2.82383431056e+17	1.27021929521e+31
22243420.6214	2.15421537864e+24	2.89636359754e+17	1.34065672753e+31
23477170.0783	2.32530047176e+24	2.97120235088e+17	1.41500012467e+31
24779367.1737	2.51175728859e+24	3.048478571e+17	1.49346608398e+31
26153811.2444	2.7151089633e+24	3.12832733967e+17	1.57628321376e+31
27604512.7349	2.93703954237e+24	3.21089122622e+17	1.66369279934e+31
29135704.952	3.17941162159e+24	3.29632069298e+17	1.75594950605e+31
30751856.4771	3.44428595417e+24	3.38477453374e+17	1.85332212113e+31
32457684.2724	3.73394325265e+24	3.47644072385e+17	1.9560943369e+31
34257318.5507	4.02251920075e+24	3.56297403444e+17	2.06456557726e+31
36156290.4224	4.32200879817e+24	3.64804725196e+17	2.17905187005e+31
38160486.3446	4.64681743048e+24	3.73545780516e+17	2.29988676778e+31
40275732.2328	4.9993420526e+24	3.82534409123e+17	2.42742231946e+31
42508176.0332	5.38222571386e+24	3.91784349445e+17	2.56203009624e+31
44864305.4618	5.79838410468e+24	4.01310103601e+17	2.70410227402e+31
47350966.7149	6.25103504551e+24	4.11126978157e+17	2.85405277599e+31
49975384.2016	6.74373124914e+24	4.21251129954e+17	3.01231847863e+31
52745181.3536	7.28039672425e+24	4.31699614261e+17	3.17936048452e+31
55668402.5712	7.86536723039e+24	4.42490432901e+17	3.35566546573e+31
58753536.3645	8.50343524047e+24	4.53642588709e+17	3.54174708175e+31
62009539.756	9.199899919e+24	4.65176138711e+17	3.73814747602e+31
65445864.0099	9.96062268162e+24	4.77115752399e+17	3.94543885544e+31
69076008.7084	1.06994311773e+25	4.8810236402e+17	4.16422515748e+31
72908109.9826	1.14861994423e+25	4.99184757545e+17	4.39514380974e+31
76952898.607	1.23386463086e+25	5.10560651724e+17	4.63886758707e+31
81222189.9217	1.32629271259e+25	5.22246760434e+17	4.89610657169e+31
85728456.8789	1.42658250424e+25	5.34260268576e+17	5.16761022197e+31
90484866.7838	1.53548184689e+25	5.46619308407e+17	5.454169556e+31
95505320.1061	1.65381560072e+25	5.59343020001e+17	5.75661945615e+31
100804491.477	1.78249396782e+25	5.72451599635e+17	6.0758411015e+31
106397873.001	1.92252173843e+25	5.85966360094e+17	6.41276453514e+31
112301820.008	2.07500856438e+25	5.99909793703e+17	6.7683713738e+31
118533599.398	2.24118037532e+25	6.14305636586e+17	7.14369766777e+31
125111440.716	2.4223920665e+25	6.29179249264e+17	7.53983691942e+31
132054226.47	2.61820365043e+25	6.44410688096e+17	7.95794326907e+31
139377993.67	2.80744787602e+25	6.58356740445e+17	8.39923485753e+31
147107995.864	3.01220792216e+25	6.72649956071e+17	8.86499737516e+31
155266772.566	3.23391656158e+25	6.87312933051e+17	9.35658780765e+31
163878114.608	3.47415125829e+25	7.02366163459e+17	9.87543838959e+31
172967133.69	3.73464962726e+25	7.17831280573e+17	1.04230607772e+32
182560335.811	4.01732659892e+25	7.33731112603e+17	1.10010504526e+32
192685698.788	4.32429347967e+25	7.50089753461e+17	1.16110913721e+32
203372754.097	4.65787912117e+25	7.66932630527e+17	1.22549608723e+32
214652673.284	5.02065343522e+25	7.84286580359e+17	1.29345348485e+32
226558359.188	5.41545351779e+25	8.0217992724e+17	1.365179322e+32
239124542.259	5.84541267577e+25	8.20642562903e+17	1.44088256983e+32
252387882.258	6.31399268303e+25	8.39708697584e+17	1.52078378759e+32
266391717.309	6.79489161875e+25	8.58256225152e+17	1.60511576517e+32
281185949.788	7.23356032257e+25	8.74281532849e+17	1.69412420136e+32
296803076.325	7.70360671481e+25	8.90544589569e+17	1.78806841968e+32
313289014.923	8.20757459878e+25	9.07063621095e+17	1.88722212391e+32
330691705.467	8.7491808252e+25	9.23878990733e+17	1.99187419552e+32
349028805.575	9.38812282758e+25	9.42671549429e+17	2.1023295353e+32
368382668.332	1.00800233649e+26	9.61956959657e+17	2.21890995172e+32
388809666.668	1.08298169241e+26	9.81757872875e+17	2.34195509845e+32
410369298.472	1.16429393332e+26	1.00210287869e+18	2.471823464e+32
433124359.75	1.25253815161e+26	1.02302213897e+18	2.60889341612e+32
457141127.38	1.34837491873e+26	1.04454749891e+18	2.75356430416e+32
482489551.978	1.4525329152e+26	1.06671255835e+18	2.9062576226e+32
509243461.452	1.56581629545e+26	1.08955478452e+18	3.06741823903e+32
537484206.793	1.68438800993e+26	1.11220941242e+18	3.23751569027e+32
567295233.858	1.80756638596e+26	1.13450568405e+18	3.41704555035e+32
598760046.991	1.94096904487e+26	1.15738139041e+18	3.60653087435e+32
631970430.601	2.08554976802e+26	1.18087081854e+18	3.80652372233e+32
667023267.6	2.24235931626e+26	1.20500797961e+18	4.01760676767e+32
704020823.128	2.41255583311e+26	1.2298287619e+18	4.24039499478e+32
743071044.13	2.5974163976e+26	1.25537104602e+18	4.47553749073e+32
784287875.676	2.79834985585e+26	1.28167480999e+18	4.72371933643e+32
827791594.95	3.01691107497e+26	1.30878583686e+18	4.98566360255e+32
873709648.672	3.24138436371e+26	1.33516692981e+18	5.26213345617e+32
922175682.953	3.48400403893e+26	1.36217863887e+18	5.55393438426e+32
973331153.761	3.74724428186e+26	1.3899452942e+18	5.86191654042e+32
1027325409.32	4.03306541866e+26	1.41853474415e+18	6.18697722182e+32
1084325003.67	4.26449661385e+26	1.44047003455e+18	6.53006348339e+32
1144493462.88	4.46968346588e+26	1.45888525373e+18	6.89217489709e+32
1208002934.68	4.68268182853e+26	1.47699151297e+18	7.27436646412e+32
1275039200.26	4.90351833625e+26	1.49477073128e+18	7.6777516886e+32
1345781180.8	5.18736369451e+26	1.51640585823e+18	8.10350582179e+32
1420423946.54	5.57264714272e+26	1.5442336098e+18	8.5528692861e+32
1499207608.12	5.99042351938e+26	1.57284287467e+18	9.02715128907e+32
1582361988.01	6.44376301326e+26	1.60225629324e+18	9.52773363767e+32
1670128257.4	6.93171423064e+26	1.63225497612e+18	1.00560747642e+33
1762754817.18	7.43457024174e+26	1.66154475911e+18	1.06137139752e+33
1860519275.14	7.978814651e+26	1.69157598693e+18	1.12022759367e+33
1963706711.75	8.56828171451e+26	1.72239305092e+18	1.18234754069e+33
2072618035.24	9.20719374265e+26	1.75403950487e+18	1.24791222326e+33
2187570861.51	9.90020261494e+26	1.78656132377e+18	1.3171126622e+33
2308900443.11	1.06524358762e+27	1.82000698992e+18	1.39015047099e+33
2436960649.9	1.14695479276e+27	1.85442772639e+18	1.4672384432e+33
2572125004.49	1.23577768853e+27	1.88988155202e+18	1.5486011724e+33
2714867172.09	1.32772314881e+27	1.92465494624e+18	1.63447570658e+33
2865590963.37	1.42427944477e+27	1.95924805708e+18	1.72511223872e+33
3024692936.35	1.52880366965e+27	1.9947232056e+18	1.82077483575e+33
3192639977.07	1.64203556895e+27	2.0311316928e+18	1.92174220789e+33
3369925122.93	1.76478986416e+27	2.06852512447e+18	2.02830852067e+33
3557069042.64	1.89796428072e+27	2.10695792756e+18	2.14078425199e+33
3754621601.54	2.04254846209e+27	2.14648756367e+18	2.25949709665e+33
3963163517.65	2.19963386968e+27	2.18717517965e+18	2.38479292111e+33
4183282903.96	2.36935023659e+27	2.22882778506e+18	2.51703677115e+33
4415340064.78	2.54077340747e+27	2.26868578209e+18	2.65661393542e+33
4660274796.58	2.72626580611e+27	2.30954179482e+18	2.80393106799e+33
4918802260.35	2.92712774279e+27	2.35145721092e+18	2.95941737306e+33
5191677395.84	3.14479091873e+27	2.39449069922e+18	3.12352585554e+33
5479697141.21	3.38083246951e+27	2.43870418256e+18	3.29673464074e+33
5783702777.38	3.63699055737e+27	2.48416301221e+18	3.4795483675e+33
6104582404.01	3.91518168616e+27	2.53093613368e+18	3.67249965835e+33
6443273554.85	4.2175199323e+27	2.57911027076e+18	3.87615067131e+33
6800728789.47	4.50986722415e+27	2.6232540507e+18	4.09109473776e+33
7177990500.35	4.79239287549e+27	2.66366228531e+18	4.31795809106e+33
7576188576.48	5.09428296966e+27	2.70456208278e+18	4.55740169106e+33
7996485834.65	5.4170327736e+27	2.74598584452e+18	4.81012314979e+33
8439793294.34	5.77683663342e+27	2.78972914013e+18	5.07685876397e+33
8906798639.67	6.20345681352e+27	2.83887305149e+18	5.35838566013e+33
9399586124.09	6.6658479546e+27	2.88935656178e+18	5.65552405878e+33
9919572370.81	7.16737438316e+27	2.94124147548e+18	5.96913966411e+33
10468319737.2	7.71136818729e+27	2.99457411419e+18	6.30014618616e+33
11051389110.7	8.28008245214e+27	3.04739744317e+18	6.6495080029e+33
11667084338.4	8.89641587083e+27	3.10161703971e+18	7.01824296995e+33
12317248009	9.56484213834e+27	3.15731478921e+18	7.40742538602e+33
13003828693.5	1.02902919646e+28	3.21457522397e+18	7.81818912289e+33
13725280439	1.10532601104e+28	3.27162499489e+18	8.25173092889e+33
14485481592	1.18714896663e+28	3.3295892368e+18	8.70931391561e+33
15287734843.2	1.27584920286e+28	3.38912549741e+18	9.1922712379e+33
16134360330.5	1.3720747957e+28	3.45032506414e+18	9.70200997805e+33
17029432475.9	1.47461164418e+28	3.51211589832e+18	1.02400152452e+34
17976062539	1.58361990722e+28	3.57434693385e+18	1.08078545022e+34
18975447916.8	1.70177746407e+28	3.63824438911e+18	1.14071821325e+34
20030543896	1.82994551982e+28	3.70390858038e+18	1.20397442598e+34
21143864113.1	1.96405517608e+28	3.76902153369e+18	1.27073838357e+34
22316819347.4	2.08958828424e+28	3.82675555129e+18	1.34120460088e+34
23554871454	2.22397698719e+28	3.88529804206e+18	1.41557837923e+34
24861636291.2	2.36792828077e+28	3.9447095041e+18	1.49407640447e+34
26240930916.2	2.52221297742e+28	4.0050292714e+18	1.57692737833e+34
27698623648.3	2.70088698006e+28	4.07120459554e+18	1.66437268476e+34
29237541072.8	2.89461165326e+28	4.13918883143e+18	1.75666709312e+34
30862131881.8	3.10408868003e+28	4.20883072492e+18	1.85407950054e+34
32577185198.5	3.33076259077e+28	4.28022166991e+18	1.95689371525e+34
34384906547	3.57502668273e+28	4.35310410427e+18	2.06540928352e+34
36291614874	3.83903991369e+28	4.42773690211e+18	2.17994236232e+34
38304051639.1	4.12518969271e+28	4.50437542809e+18	2.30082664049e+34
40428079319.2	4.43555798476e+28	4.58314866854e+18	2.4284143109e+34
42672047197.3	4.7426810818e+28	4.65702700257e+18	2.56307709656e+34
45043963818.9	5.02874398314e+28	4.72220158898e+18	2.70520733361e+34
47548051389.9	5.33329913812e+28	4.78791759775e+18	2.85521911442e+34
50191712258.6	5.65767167774e+28	4.85421878652e+18	3.01354949399e+34
52981682128.1	6.0134774324e+28	4.92309430186e+18	3.18065976334e+34
55920461043.3	6.45634177565e+28	5.00430072554e+18	3.35703679341e+34
59022293713.4	6.93623368456e+28	5.08770392375e+18	3.54319445363e+34
62296232181.7	7.45662772454e+28	5.17339082833e+18	3.73967510897e+34
65751831619.9	8.02135313446e+28	5.26149502772e+18	3.94705120017e+34
69404601935.2	8.61342044985e+28	5.34900616182e+18	4.16592691152e+34
73261462856.2	9.2520645489e+28	5.43842371599e+18	4.39693993109e+34
77333129351	9.94447479267e+28	5.53026157591e+18	4.64076330869e+34
81631619163.4	1.06957243877e+29	5.62465907081e+18	4.8981074167e+34
86162203194.3	1.14914140426e+29	5.71938045164e+18	5.16972201978e+34
90939496566.9	1.23409469607e+29	5.815189295e+18	5.45639845926e+34
95981630195.4	1.32617871488e+29	5.91357844744e+18	5.75897195872e+34
101303281727	1.42606469352e+29	6.01469747961e+18	6.07832405732e+34
106928181976	1.53300227996e+29	6.11726785947e+18	6.41538517824e+34
112882145396	1.64609549967e+29	6.22002275766e+18	6.77113733934e+34
119169063816	1.76866108061e+29	6.3255000417e+18	7.14661701432e+34
125807718592	1.90158914716e+29	6.43386046376e+18	7.5429181524e+34
132814363284	2.04295216143e+29	6.54308926545e+18	7.96119536557e+34
140171842451	2.16305100416e+29	6.63097910997e+18	8.40266729244e+34
147936464054	2.29058601769e+29	6.71937870049e+18	8.86862014878e+34
156130708282	2.42605804701e+29	6.80835071259e+18	9.36041147483e+34
164778290849	2.57000579629e+29	6.89793131994e+18	9.87947409047e+34
173952430033	2.72047299116e+29	6.98664358627e+18	1.04273202697e+35
183650968551	2.87958627185e+29	7.07550585573e+18	1.10055461466e+35
193835215074	3.04136736502e+29	7.16109861721e+18	1.16158363657e+35
204579154965	3.21173793997e+29	7.24647128806e+18	1.22599689899e+35
215939218157	3.42232438494e+29	7.34640783181e+18	1.29398206811e+35
227949381724	3.67519401288e+29	7.4601221346e+18	1.36573721677e+35
240629612807	3.94927725193e+29	7.5769101598e+18	1.44147140152e+35
254017532346	4.24657012425e+29	7.69692173777e+18	1.52140527174e+35
268147831709	4.55277133896e+29	7.81405488108e+18	1.60577171246e+35
283053160660	4.8397893443e+29	7.91804669954e+18	1.69481652288e+35
298789107514	5.14666177067e+29	8.02334832802e+18	1.78879913249e+35
315402196761	5.47493850967e+29	8.1300600326e+18	1.88799335691e+35
332941356250	5.82595619827e+29	8.23816139385e+18	1.99268819568e+35
351449018308	6.18703291955e+29	8.34350256934e+18	2.10318867419e+35
370988122890	6.57246485095e+29	8.45001711422e+18	2.21981673241e+35
391616452149	6.98409637618e+29	8.55777873408e+18	2.34291216282e+35
413395059175	7.42393044103e+29	8.66684591428e+18	2.47283360044e+35
436207083808	7.91229435349e+29	8.78167652077e+18	2.60995956762e+35
460405311971	8.31589646704e+29	8.87158454846e+18	2.75468957692e+35
485946458061	8.73787216125e+29	8.96061109199e+18	2.90744529508e+35
512905111038	9.17878354349e+29	9.0487443897e+18	3.06867177148e+35
541360009737	9.63917182946e+29	9.13593505799e+18	3.23883873481e+35
571394274554	1.01195502506e+30	9.22213081391e+18	3.41844196164e+35
603095652155	1.06203958916e+30	9.307276369e+18	3.6080047208e+35
636556773955	1.11421403226e+30	9.3913137755e+18	3.80807929794e+35
671875429149	1.1685158871e+30	9.47418141539e+18	4.01924860457e+35
709154853131	1.22497583655e+30	9.55581455838e+18	4.24212787641e+35
748504032180	1.28361631566e+30	9.63614475502e+18	4.4773664658e+35
790038025347	1.34444992036e+30	9.71509989598e+18	4.7256497336e+35
833878304532	1.40747759852e+30	9.79260368792e+18	4.98770104597e+35
880153113797	1.47268659678e+30	9.86857560244e+18	5.26428388188e+35
928997849031	1.54004813311e+30	9.94293102811e+18	5.55620405746e+35
980555459128	1.60951476161e+30	1.00155802149e+19	5.86431207374e+35
1.03497686995e+12	1.68101739214e+30	1.00864287693e+19	6.18950559458e+35
1.09242143236e+12	1.75446192292e+30	1.01553767664e+19	6.53273206193e+35
1.15305739579e+12	1.82972543943e+30	1.0222319167e+19	6.89499145624e+35
1.21706240874e+12	1.90665192731e+30	1.02871446476e+19	7.27733920983e+35
1.2846240479e+12	1.98504744102e+30	1.03497361143e+19	7.68088928189e+35
1.35594037743e+12	2.06467466311e+30	1.04099697046e+19	8.10681740394e+35
1.43122054035e+12	2.14524678143e+30	1.04677149632e+19	8.55636450532e+35
1.51068538377e+12	2.22642060294e+30	1.05228340293e+19	9.03084032858e+35
1.59456812005e+12	2.30778881382e+30	1.05751813362e+19	9.53162724537e+35
1.68311502602e+12	2.3888712843e+30	1.06246037496e+19	1.0060184284e+36
1.77658618251e+12	2.4691053057e+30	1.06709391316e+19	1.06180513801e+36
1.87525625659e+12	2.54783463344e+30	1.07140167458e+19	1.12068538636e+36
1.97941532912e+12	2.62429719551e+30	1.07536562133e+19	1.18283071934e+36
2.08936977031e+12	2.69761130959e+30	1.07896671205e+19	1.2484221956e+36
2.20544316621e+12	2.76676023373e+30	1.08218488905e+19	1.31765091402e+36
2.32797729923e+12	2.83057485541e+30	1.08499897195e+19	1.39071857048e+36
2.45733318593e+12	2.8877143012e+30	1.08738664237e+19	1.46783804549e+36
2.59389217573e+12	2.93664422409e+30	1.08932437912e+19	1.54923402442e+36
2.73805711411e+12	2.97561249764e+30	1.09078753773e+19	1.63514365213e+36
2.89025357444e+12	3.00262201466e+30	1.09177143187e+19	1.72581722383e+36
3.22056489913e+12	3.01136523731e+30	1.09205129773e+19	1.92252754788e+36
3.05093116261e+12	3.0154002537e+30	1.09217990818e+19	1.82151891437e+36
3.39956055107e+12	3.04525127925e+30	1.09317126661e+19	2.0291374101e+36
3.58824355458e+12	3.2366419139e+30	1.09832173561e+19	2.1416591058e+36
3.78740865714e+12	3.44121285351e+30	1.10386550809e+19	2.2604204637e+36
3.99763929543e+12	3.65998758863e+30	1.10948166651e+19	2.3857674916e+36
4.21955150716e+12	3.89407971663e+30	1.11517275646e+19	2.51806538447e+36
4.45379576707e+12	4.1447017398e+30	1.12094750931e+19	2.65769958841e+36
4.70105892805e+12	4.41317478462e+30	1.12680672156e+19	2.80507692366e+36
4.96206627346e+12	4.70093934265e+30	1.13275820983e+19	2.96062676983e+36
5.23751783714e+12	5.01321192135e+30	1.13887574197e+19	3.12480231695e+36
5.52825394869e+12	5.34996232974e+30	1.14512640659e+19	3.29808188573e+36
5.83514645732e+12	5.71208326315e+30	1.15149330495e+19	3.48097032123e+36
6.15909518325e+12	6.10174489059e+30	1.15798445099e+19	3.67400046363e+36
6.5010502889e+12	6.52132472484e+30	1.16460686263e+19	3.8777347007e+36
6.86197980432e+12	6.9699820773e+30	1.17131512298e+19	4.09276660629e+36
7.24292074675e+12	7.44837774376e+30	1.17809151857e+19	4.31972266966e+36
7.64503429899e+12	7.96377552066e+30	1.18501021418e+19	4.55926412078e+36
8.06950005076e+12	8.51942108173e+30	1.19207490324e+19	4.81208885678e+36
8.51753953253e+12	9.11812662126e+30	1.19928598168e+19	5.07893347525e+36
8.99042425301e+12	9.76243775445e+30	1.2066380794e+19	5.36057542031e+36
9.48959587669e+12	1.04582851829e+31	1.21416103263e+19	5.65783524767e+36
1.00165193899e+13	1.12103284819e+31	1.22186310796e+19	5.97157901528e+36
1.05726613057e+13	1.20172864806e+31	1.22969260312e+19	6.30272080659e+36
1.11597138686e+13	1.28894449127e+31	1.23771034518e+19	6.65222539368e+36
1.17794030287e+13	1.3832812499e+31	1.24592627718e+19	7.02111104812e+36
1.24334674202e+13	1.48433952903e+31	1.25426404872e+19	7.41045250765e+36
1.31238998204e+13	1.59377736622e+31	1.26281735976e+19	7.8213841074e+36
1.3852677493e+13	1.71254987983e+31	1.27161165379e+19	8.25510308478e+36
1.46219446355e+13	1.84150866802e+31	1.28065770823e+19	8.71287306756e+36
1.54339605133e+13	1.98159741586e+31	1.28996929505e+19	9.1960277554e+36
1.62910843766e+13	2.13395269102e+31	1.29955985879e+19	9.7059748056e+36
1.71958442633e+13	2.29933810752e+31	1.30942562051e+19	1.02441999342e+37
1.81508807674e+13	2.47890999531e+31	1.31956970519e+19	1.08122712447e+37
1.91589864528e+13	2.67651932445e+31	1.33014738392e+19	1.14118437964e+37
2.0223139978e+13	2.89308768428e+31	1.34112922931e+19	1.20446644268e+37
2.13464199441e+13	3.13025816998e+31	1.35252168128e+19	1.27125768406e+37
2.25321516823e+13	3.39106974682e+31	1.36439351183e+19	1.34175269813e+37
2.37838114743e+13	3.67794779917e+31	1.3767587026e+19	1.4161568701e+37
2.5105062071e+13	3.99330461968e+31	1.38963826196e+19	1.49468697437e+37
2.6499775408e+13	4.34025837785e+31	1.40306229985e+19	1.57757180615e+37
2.79720598242e+13	4.72495779209e+31	1.41716019834e+19	1.66505284801e+37
2.952623874e+13	5.15305011849e+31	1.43202052689e+19	1.75738497345e+37
3.11668794055e+13	5.62831689499e+31	1.44765313192e+19	1.85483718946e+37
3.28988063791e+13	6.15469414044e+31	1.46405297154e+19	1.95769342028e+37
3.47271159418e+13	6.73887281759e+31	1.48129360225e+19	2.06625333456e+37
3.66571919155e+13	7.38558357521e+31	1.49937250493e+19	2.1808332185e+37
3.86947202046e+13	8.10828803523e+31	1.51851216628e+19	2.30176689729e+37
4.08456984921e+13	8.91368884773e+31	1.53871458844e+19	2.42940670773e+37
4.31164825459e+13	9.8104809964e+31	1.56002468736e+19	2.56412452474e+37
4.5513774459e+13	1.0808571093e+32	1.58249187753e+19	2.7063128448e+37
4.80446461759e+13	1.19127062556e+32	1.60602480317e+19	2.85638592949e+37
5.0716588394e+13	1.31469994283e+32	1.63095051997e+19	3.01478101242e+37
5.35374975733e+13	1.45190729867e+32	1.65719652085e+19	3.18195957312e+37
5.65157242158e+13	1.60400908634e+32	1.68475536267e+19	3.35840868151e+37
5.96600916383e+13	1.77266227186e+32	1.713697526e+19	3.54464241699e+37
6.29799177522e+13	1.95877788709e+32	1.74394485427e+19	3.7412033662e+37
6.64850485994e+13	2.1652127524e+32	1.77572628297e+19	3.9486642038e+37
7.01858872727e+13	2.39303167713e+32	1.80893813906e+19	4.16762936099e+37
7.40934266273e+13	2.64427503788e+32	1.84363622872e+19	4.39873678645e+37
7.82192697597e+13	2.9205653154e+32	1.87976874846e+19	4.64265980501e+37
8.25756961855e+13	3.22419786763e+32	1.91738110282e+19	4.90010907937e+37
8.71756572741e+13	3.55740009683e+32	1.95646729211e+19	5.17183468059e+37
9.2032853649e+13	3.9224082908e+32	1.9970217577e+19	5.45862827339e+37
9.71617562695e+13	4.32219935976e+32	2.0390799237e+19	5.76132542266e+37
1.02577656292e+14	4.7605339676e+32	2.08275570724e+19	6.08080802783e+37
1.08296705127e+14	5.22698943527e+32	2.12676877799e+19	6.41800689229e+37
1.14335916344e+14	5.7521971306e+32	2.17369068568e+19	6.77390443522e+37
1.20713428994e+14	6.32965473071e+32	2.222556974e+19	7.14953755388e+37
1.2744827182e+14	6.92215123273e+32	2.2700313753e+19	7.54600064456e+37
1.34560545399e+14	7.63274051667e+32	2.32396461103e+19	7.96444879107e+37
1.42048169787e+14	8.24956027168e+32	2.36835349504e+19	8.40610113005e+37
1.49923488345e+14	8.72473384735e+32	2.4007052408e+19	8.87224440288e+37
1.58278176148e+14	9.69976635465e+32	2.46333165418e+19	9.36423670458e+37
1.67121705838e+14	1.1078010666e+33	2.54736876823e+19	9.88351144058e+37
1.76465526567e+14	1.2758105054e+33	2.64438367031e+19	1.04315815029e+38
1.86339357769e+14	1.48135258223e+33	2.75669240528e+19	1.10100436778e+38
1.96773619403e+14	1.73399000032e+33	2.88730926162e+19	1.16205832983e+38
2.07803959387e+14	2.04158565002e+33	3.03774179585e+19	1.22649791541e+38
2.19468052653e+14	2.4205547132e+33	3.21301495952e+19	1.29451086737e+38
2.3180553173e+14	2.89207918652e+33	3.41919257033e+19	1.36629533952e+38
2.44860617959e+14	3.4836392769e+33	3.66363084908e+19	1.44206047384e+38
2.58680425908e+14	4.22369722471e+33	3.95250981856e+19	1.52202700987e+38
2.73317699299e+14	5.15163627414e+33	4.2944878558e+19	1.60642792782e+38
2.88831579887e+14	6.31927034775e+33	4.70048824342e+19	1.69550912732e+38
3.05285337021e+14	7.78234821625e+33	5.180115843e+19	1.7895301439e+38
3.2275209218e+14	9.61911397112e+33	5.74729272527e+19	1.88876490509e+38
3.41315045418e+14	1.19291682633e+34	6.41848873672e+19	1.99350252849e+38
3.61064308987e+14	1.48220686654e+34	7.20842447008e+19	2.10404816417e+38
3.82108311178e+14	1.84496869103e+34	8.13799426706e+19	2.22072388366e+38
4.04571024214e+14	2.29925354464e+34	9.22862850724e+19	2.34386961831e+38
4.28588603732e+14	2.86437874534e+34	1.04973389972e+20	2.47384414967e+38
4.54329577623e+14	3.56549343672e+34	1.19661368523e+20	2.61102615481e+38
4.81982242347e+14	4.4286303592e+34	1.36496425663e+20	2.75581530955e+38
5.11752847019e+14	5.47947217057e+34	1.55532698073e+20	2.90863345292e+38
5.4389705105e+14	6.74831329092e+34	1.76827993229e+20	3.0699258162e+38
5.786848687e+14	8.2619786269e+34	2.0030606288e+20	3.24016232004e+38
6.16410564989e+14	1.00465711858e+35	2.25827557414e+20	3.4198389436e+38
6.57434828039e+14	1.21314690001e+35	2.53257645626e+20	3.60947916956e+38
7.0211975714e+14	1.45432481552e+35	2.82390110506e+20	3.80963550925e+38
7.50866114695e+14	1.73111523867e+35	3.1303184876e+20	4.02089111243e+38
8.04160881609e+14	2.04677400643e+35	3.45007065367e+20	4.24386146621e+38
8.6248071234e+14	2.40478037636e+35	3.78143860208e+20	4.4791961883e+38
9.2636692783e+14	2.80912540465e+35	4.12300392525e+20	4.72758091964e+38
9.96469633471e+14	3.26410599674e+35	4.47339577436e+20	4.98973932202e+38
1.07342281548e+15	3.774809683e+35	4.83162645358e+20	5.26643518638e+38
1.15796064589e+15	4.346890933e+35	5.19682839268e+20	5.55847465819e+38
1.25095168984e+15	4.98630808959e+35	5.56804246446e+20	5.86670858602e+38
1.35325125184e+15	5.70039624071e+35	5.94481062216e+20	6.19203500058e+38
1.4658627872e+15	6.49702818365e+35	6.32659030187e+20	6.53540173101e+38
1.58993796982e+15	7.38460990514e+35	6.71274975245e+20	6.8978091664e+38
1.72665504978e+15	8.37336390055e+35	7.1030882092e+20	7.28031317039e+38
1.8773808314e+15	9.47417255161e+35	7.49724647283e+20	7.68402815739e+38
2.04365475641e+15	1.06988711516e+36	7.8948195869e+20	8.11013033941e+38
2.22710101791e+15	1.20615062362e+36	8.29571641286e+20	8.5598611529e+38
2.4295818784e+15	1.35770833775e+36	8.69968264358e+20	9.03453087565e+38
2.65317090397e+15	1.52621597572e+36	9.10645963958e+20	9.53552244424e+38
2.90010478879e+15	1.71359707356e+36	9.51600153774e+20	1.00642954832e+39
3.17292241094e+15	1.92191945412e+36	9.92811436143e+20	1.06223905576e+39
3.47443386212e+15	2.15348760763e+36	1.03426348699e+21	1.12114336613e+39
3.80771422069e+15	2.41093566552e+36	1.07595312063e+21	1.18331409545e+39
4.17622685498e+15	2.69711329865e+36	1.11786485232e+21	1.24893237635e+39
4.58379758632e+15	3.01521655032e+36	1.15998835811e+21	1.31818938581e+39
5.03465115586e+15	3.36885730024e+36	1.20232061707e+21	1.39128690212e+39
5.53351721129e+15	3.76196442558e+36	1.24484889697e+21	1.46843789281e+39
6.08562283351e+15	4.19896165172e+36	1.28756680681e+21	1.54986713506e+39
6.69676388035e+15	4.68480526365e+36	1.33047104229e+21	1.63581187063e+39
7.37340723463e+15	5.22491548233e+36	1.37355059377e+21	1.72652249703e+39
8.12271005606e+15	5.82540423266e+36	1.41680156077e+21	1.82226329707e+39
8.95262567193e+15	6.49308485258e+36	1.46022057831e+21	1.92331320881e+39
9.8720047759e+15	7.23543479044e+36	1.50379800484e+21	2.02996663826e+39
1.08906630414e+16	8.06089230397e+36	1.54753128325e+21	2.14253431712e+39
1.20195161283e+16	8.97883070464e+36	1.59141688059e+21	2.26134420809e+39
1.32706879188e+16	9.99957425071e+36	1.63544658756e+21	2.38674246037e+39
1.46576577833e+16	1.1134760617e+37	1.67961835184e+21	2.51909441815e+39
1.61954112571e+16	1.23973011858e+37	1.72392874007e+21	2.65878568506e+39
1.79005711015e+16	1.38014464746e+37	1.76837036854e+21	2.80622324759e+39
1.97916637679e+16	1.53632489001e+37	1.81294196857e+21	2.96183666084e+39
2.18892711288e+16	1.71005052678e+37	1.85764001608e+21	3.1260793e+39
