eosDM01_1 1 1 1.16601 1.09281 0.07320 10.75186 5.81219 1.00000 1.00000 1.00000 0.000 0.000 1775.81854
eosDM01_1 1 1 1.22488 1.15242 0.07247 11.32423 5.67626 0.91220 0.90000 1.00000 667.063 0.000 1677.56386
eosDM01_1 1 1 1.29421 1.22266 0.07155 12.05322 5.54676 0.82434 0.80000 1.00000 924.625 0.000 1579.12366
eosDM01_1 1 1 1.36984 1.29891 0.07092 13.02817 5.43023 0.73636 0.70000 1.00000 1094.386 0.000 1451.80415
eosDM01_1 1 3 0.72368 0.46074 0.26294 8.41735 6.43189 1.00000 1.00000 1.00000 0.000 0.000 2019.78226
eosDM01_1 1 3 0.75319 0.49348 0.25971 8.98925 6.33199 0.91100 0.90000 1.00000 779.211 0.000 1864.71174
eosDM01_1 1 3 0.78450 0.52786 0.25665 9.72566 6.24265 0.82131 0.80000 1.00000 1053.281 0.000 1696.39479
eosDM01_1 1 3 0.81235 0.55816 0.25420 10.72792 6.17497 0.73054 0.70000 1.00000 1207.655 0.000 1492.48596
eosDM01_1 1 10 0.56218 0.06190 0.50028 4.17021 6.49808 1.00000 1.00000 1.00000 0.000 0.000 2178.03059
eosDM01_1 1 10 0.56343 0.07126 0.49217 4.50464 6.40268 0.91660 0.90000 1.00000 1735.748 0.000 2318.89887
eosDM01_1 1 10 0.56632 0.08154 0.48478 4.91661 6.30562 0.83152 0.80000 1.00000 2324.173 0.000 2488.80637
eosDM01_1 1 10 0.57036 0.09127 0.47908 5.44699 6.22232 0.74420 0.70000 1.00000 2652.262 0.000 2679.84437
eosDM01_1 0.8 10 0.58273 0.01928 0.56344 3.14779 6.90439 1.00000 1.00000 1.00000 0.000 0.000 1743.99234
eosDM01_1 0.8 10 0.57986 0.02294 0.55692 3.41778 6.86429 0.91541 0.90000 1.00000 2080.506 0.000 1821.68496
eosDM01_1 0.8 10 0.57719 0.02740 0.54980 3.74448 6.81308 0.83006 0.80000 1.00000 2822.802 0.000 1920.52449
eosDM01_1 0.8 10 0.57532 0.03247 0.54285 4.15240 6.75413 0.74348 0.70000 1.00000 3281.773 0.000 2044.82822
eosDM01_1 0.9 10 0.57023 0.03538 0.53485 3.62727 6.75273 1.00000 1.00000 1.00000 0.000 0.000 1916.06161
eosDM01_1 0.9 10 0.56834 0.04148 0.52686 3.92711 6.68281 0.91640 0.90000 1.00000 1923.469 0.000 2020.75702
eosDM01_1 0.9 10 0.56747 0.04858 0.51890 4.29231 6.60319 0.83154 0.80000 1.00000 2593.667 0.000 2151.12938
eosDM01_1 0.9 10 0.56798 0.05600 0.51199 4.75425 6.52370 0.74490 0.70000 1.00000 2989.612 0.000 2307.67206
eosDM01_1 0.9 100 0.43093 0.00049 0.43044 0.98274 4.54753 1.00000 1.00000 1.00000 0.000 0.000 1424.62082
eosDM01_1 0.9 100 0.43081 0.00061 0.43020 1.06885 4.54802 0.91799 0.90000 1.00000 5297.771 0.000 1496.11939
eosDM01_1 0.9 100 0.43052 0.00078 0.42974 1.17262 4.54827 0.83605 0.80000 1.00000 7309.641 0.000 1587.89186
eosDM01_1 0.9 100 0.43012 0.00103 0.42909 1.29946 4.54766 0.75366 0.70000 1.00000 8683.752 0.000 1707.03646
eosDMa.txt 1 0.1 40.92662 0.45829 40.46833 10.73577 483.26342 1.00000 1.00000 1.00000 0.000 0.000 743.92345
eosDMa.txt 1 0.01 58.21283 0.93605 57.27678 11.36192 764.69662 1.00000 1.00000 1.00000 0.000 0.000 1193.28807
eosDMa.txt 1 0.01 58.21283 0.93605 57.27678 11.36192 764.69662 1.00000 1.00000 1.00000 0.000 0.000 1193.28807
eosDMa.txt 1 0.01 58.21283 0.93605 57.27678 11.36192 764.69662 1.00000 1.00000 1.00000 0.000 0.000 1193.28807
